-1.657665311373675454e+00
-1.610957766103482403e-01
-4.513916829965997080e-01
9.977502104948029471e-01
-1.368752711627239327e+00
-9.998896035683314532e-01
1.589692965186001228e+00
-4.088606195247975750e-01
-5.358391153454529210e-01
-1.774391383214635742e-01
4.538114467527571416e-01
2.292649472049549164e+00
1.696578310823382729e+00
7.812777958181019722e-01
-4.975609620577330361e-01
5.292840149107306269e-01
5.568312068066904041e-01
-6.656356828829461669e-01
7.233095101962038198e-01
-1.080957297620932955e+00
1.724224570761035302e+00
7.299032869643308497e-02
9.650173567370872174e-01
-6.492804165655561288e-01
-3.868837500391639206e-01
-1.542496539460747884e-01
-7.753622058472984246e-01
-8.552216428296071093e-01
-7.432056452051334361e-01
-3.438187015715759021e-01
-1.261970375231550978e+00
5.806823012046932742e-02
2.809304564131095416e-01
-4.094716029965105863e-01
1.453952695248396321e+00
9.368728334520589618e-01
1.538940742492041824e+00
5.898149190650510132e-01
-8.423429385980325534e-01
-1.522765955622369161e+00
-2.464573880280560125e+00
4.649451671748565662e-01
-2.835035958483935262e-02
-6.280645441267260765e-01
7.522829402991915160e-01
4.915000065880240632e-01
-7.290123475720186041e-01
-2.780682995970382265e+00
1.492398483491393701e+00
1.656813413327554940e+00
-1.733101280835381841e-01
-1.096564073879082502e+00
-7.762491584428257152e-01
1.253845615707578132e+00
-2.111325948339734193e+00
1.140359485410922691e+00
-1.077253746668760170e+00
-5.622822592833370825e-01
1.037860304576799564e+00
1.001176218603055723e+00
-6.806180073881497039e-01
-1.270699919253847066e+00
-4.438733436727992365e-01
-3.448382218297986745e-01
2.777745853655926300e-01
4.379531265202095680e-01
1.508164561255175284e+00
1.111098080489536732e+00
4.556014060041141400e-01
7.178102110625048660e-01
2.157942285616991196e+00
1.884262115607807875e+00
-6.240158722432687100e-02
1.852028397692913941e+00
1.422649146619116012e-01
9.907138869647086343e-01
2.355295098606132953e+00
1.274722591344835010e+00
6.840208912703520383e-01
1.871810439399668180e+00
6.382983605635177415e-01
1.094799157432809533e+00
6.177705661767012302e-01
3.369722105081687236e-01
3.203003089959312266e+00
1.696202544661936429e+00
4.901798965065899960e-01
7.759959166170860012e-01
1.869593054371504248e+00
1.369834603418601970e+00
-3.449371665738198978e-02
3.097955100794844263e+00
1.124892232408524428e+00
-5.175045530259665405e-01
1.020564840715075139e+00
7.327162655813581615e-01
3.194542107779207996e+00
6.620127120703532819e-01
2.451416667744850564e+00
-9.791791475720734717e-02
1.764625095243302244e+00
1.384338129574173903e+00
1.869328155158393123e+00
-1.262656461143798481e-01
1.078310838305864383e+00
-4.703489206913791243e-02
1.722457978103655085e+00
1.404844203263322377e-02
-1.822755992091495969e-01
1.480027347448235941e+00
8.666947914754254967e-01
1.138608606011734414e+00
7.481267905731634471e-01
1.876766766450431057e+00
1.893658496315507200e+00
3.135594561515091971e+00
1.036787321343895840e+00
2.620660070648782813e+00
1.379132024020059522e+00
1.584317600404202331e+00
2.216380423953848045e+00
1.468919373633584602e+00
7.318007311880700971e-01
1.077523670539899614e+00
1.101419440921466375e+00
1.159002910345955151e+00
2.230139529047971081e+00
8.277197859983134176e-01
-1.965911311392138927e-01
-2.825437706069693355e-01
9.709187859043529878e-01
1.289494585045964925e-01
1.568476437494832787e+00
8.953790886982284647e-01
1.338026453757740430e+00
2.439697017487131303e-01
1.033891515696208074e+00
1.250421094951805090e+00
1.083297876427770756e+00
1.162219779643936413e+00
7.177031698034439522e-01
1.043601518341363832e+00
-8.061312462243921395e-01
1.534888662290652128e+00
2.552903500399067216e+00
-2.609668101710649335e-01
1.294926234862155967e-01
9.856292717121836189e-01
3.171688948519020723e+00
1.477174812175875873e+00
-1.260791064531853412e+00
4.279737927224943617e-01
1.036722948194212179e+00
3.448610038867611083e-01
2.931407655712268134e+00
1.410569317617012430e+00
1.187102917877000952e-01
2.733275691097453830e+00
1.663836001676615828e+00
6.727065059122714352e-01
-1.301060205372444045e-01
2.424946452127939800e+00
-5.905916088232447958e-01
-2.260297738917160792e-02
-3.233748738171771109e-02
3.258949732207662819e+00
1.082053754591388417e+00
6.034175886197201688e-01
-1.326407781327020530e+00
-5.031553527806911230e-01
-8.767833214851628032e-01
8.307165795380204720e-01
2.346909802179772075e+00
7.398657782825889262e-01
2.689696600159519058e+00
8.475826047484452674e-01
1.069746057125948724e-01
1.082941992070515225e+00
-2.074652023287324454e-01
-7.329903834186959344e-01
4.397282269911829689e-01
2.457413228498183777e+00
-1.078548581506852067e+00
1.335471258842457987e+00
1.887475733275378653e+00
2.277258571221679961e+00
1.147147232467798705e+00
1.251967721487021734e+00
1.206603388009818589e+00
1.398958737746622827e+00
-3.434079024292078230e-01
-5.701546871554108442e-02
1.733250565129984100e+00
5.989377156331447960e-01
-1.781266843463297500e-01
1.062358267012008639e+00
1.716689151201095109e-01
-1.439991826745709025e+00
1.472077936420375766e+00
3.385756869797817425e-01
-2.202604195501937367e-01
-7.804428060413014512e-01
1.250382820602293332e+00
-3.946997112984060863e-01
7.746667255590554413e-02
-1.206252934952931843e+00
-4.416608754276858395e-01
8.792266995230686444e-01
3.924256739308203956e-01
-1.017538087058693641e+00
-9.999528081622944820e-01
1.175888952958519029e+00
-7.277441370740700410e-01
3.222473948037251068e-01
-1.345465085424811136e+00
-1.044953681119664690e+00
-1.136476895665678111e+00
5.724498898838564775e-01
1.127017482513287483e+00
-7.211980719047597077e-01
6.054802843907076682e-01
3.108281767841057294e-02
5.684059073411252827e-01
7.347782729101290378e-02
-3.478237111147467475e-01
-5.039922292890223199e-01
9.612267265667502614e-02
-8.403545560100922351e-01
-1.033132967236379374e+00
3.156960663253285948e-01
-1.799176980461720532e-01
-9.597391019104644094e-01
7.986546602839472708e-01
-3.916528741146625969e-01
7.809372585850976600e-01
-1.516770623075574420e+00
-7.010080657490921352e-01
-6.201365369708573549e-01
-2.597020875065527146e-01
3.259412779971623819e-01
2.572012640492381541e-01
8.257367851835203387e-01
-5.098603409900350769e-01
-5.360638017583352344e-01
3.249311692209317370e-01
-9.280817015294307026e-01
-1.977833870379161585e+00
6.084563014626676036e-01
7.956519122036621872e-02
4.814056713079732375e-01
-1.030210905587573222e+00
-1.325532195364610866e+00
-4.289154937712363891e-01
3.033394473553936432e-01
6.269019955675179112e-01
5.288116832375509002e-01
1.240572432651036783e+00
1.796995342312928345e+00
-3.214387953169640655e-01
1.194919987695304497e+00
5.523962664235021469e-01
1.331245296822479052e+00
8.341502892769095956e-01
-6.237479683323806645e-01
-3.538037946788893384e-01
9.475648257466668944e-01
1.395762940630531322e-02
1.055179129120294101e+00
1.086725150592120936e+00
1.010380908760674989e+00
-1.158934401178324108e-01
7.426149224009961358e-01
-4.841979149882302824e-01
1.823680944435018270e-01
-2.736220460597945658e-01
-5.720778668881125739e-01
1.083845662404802956e+00
-5.423967912694966920e-01
8.077231823888475493e-01
-3.837635405837301339e-01
-6.530094784291470278e-01
8.681016775062108115e-01
-6.717378288245191564e-01
-1.919026999258336141e-01
-3.652788142801117188e-01
1.093332496015502420e+00
4.974068161963273726e-01
2.321684987514761045e-01
-3.511974463689074843e-01
-3.142721172355945614e-01
1.154764170679188462e+00
6.269240674075233777e-01
1.220563355318092791e+00
-9.369978927429422066e-01
-1.102160733245294288e+00
-1.311572137842371977e-01
5.137263579677445735e-01
6.877016774370231511e-01
1.223518249869326002e+00
-9.260988100900697795e-01
-1.921011283094517241e-01
-1.332965370297526597e+00
1.464985677036796941e-01
-1.792654748504924345e-01
1.261497455572318627e+00
2.117819447382746773e-02
-1.314779918687032367e+00
9.484858579342931861e-01
-7.786579458325271208e-01
-5.709150348383364854e-02
-1.662644836593324682e-01
-1.174201583228642320e+00
-2.350591900819554159e+00
1.925475551750893022e+00
5.519117438464878900e-01
1.586580200149172726e-01
-1.925543484093501789e-01
-5.363243413545051297e-01
3.809116620699933842e-01
1.891231858511350117e+00
-1.188455563176124691e-01
4.604097690292677791e-01
1.152580727634898716e+00
1.815122490040156800e+00
-2.104504388279859306e+00
6.528912277012525189e-01
-9.485546886412966616e-01
-6.578160762285696350e-01
-1.092745048999854030e+00
6.062863651644025825e-02
-5.004897338476044233e-01
1.416420990755262510e+00
1.082213151768134235e-01
3.665045078887421148e-01
-4.111227765232805531e-02
-1.059835211644864383e+00
1.631193460602472778e-01
1.291481854477426916e+00
-4.855038150683833043e-01
1.068858222284183812e+00
-4.186676658079752644e-01
-3.412729403152671148e-01
3.532323568445447370e-01
-1.411692221776548462e-01
6.093097952676235218e-01
3.065265451886551862e-01
2.790922788176276176e-02
4.429690658125270408e-01
1.707145304357387650e+00
-2.975427871300300731e-01
4.261888499802312102e-01
-1.396227979120190366e-01
-1.778050674825985833e-01
-1.613425136282392036e-01
-1.368845179095661946e+00
-1.775470152026677351e+00
-1.455215738233086142e+00
1.159139419413745431e+00
1.834950834438616729e+00
3.118374218288973987e-01
-8.621607627459649814e-01
2.087837512840618803e+00
1.647262489133847652e+00
6.302428977498473195e-01
-1.323692753748759499e+00
6.436738646439407185e-01
-1.347297053133236222e+00
-4.028687340363387714e-01
7.574409703453418574e-01
3.983540514552924017e-01
-4.126513891684290697e-02
2.229578368601542238e+00
1.529356625582293683e+00
7.154776451028423967e-01
-5.297121407155886974e-01
3.332161721548102529e-01
5.396863798092219611e-01
-8.434097126523718568e-01
1.669008395517481702e+00
1.416895104607882150e+00
1.541123230584015236e+00
-9.515432241844318240e-01
-1.134097969597957611e+00
-8.119133706235925896e-02
-1.945020095633160917e-01
1.800769899938933438e+00
-1.408807768922482051e-01
1.394559210036908858e+00
1.395529271382327519e-01
-5.789221639078165893e-01
2.330138372095706956e-01
7.768306408651879380e-01
1.034375318475397210e+00
1.986095611949805662e+00
7.966023916205331457e-01
3.111923090434397743e+00
1.206527544479282898e+00
1.997354643531191742e-01
3.100365490409485725e-01
1.403661282984583814e+00
2.820379546518018365e+00
2.976852157621384887e+00
6.693852775247709497e-01
1.701325381905617329e-01
1.332663475504278994e+00
5.611460852989079706e-01
-6.730015083820186650e-01
1.169754327307104713e+00
1.369636388585159903e+00
8.072406147587408709e-01
3.935767881325494821e-01
5.957916511942797921e-01
-7.570813097053934460e-01
2.819451925868606157e+00
5.035727969216078348e-01
2.641863380974813769e+00
9.057842819937198531e-01
1.372665063637219074e+00
3.306380138177361649e-01
3.520126962130037951e-01
3.116122135791283831e+00
8.073397603087902885e-01
1.309732448175471520e+00
1.008649883975389461e+00
3.416273763303898647e-01
1.783659838376132623e-01
5.652417127408364550e-01
4.125525197826847013e-01
6.613113603424751741e-01
2.179002269583652840e+00
3.739716887645203602e-01
1.828660753931247607e+00
-1.433765777534823371e-01
3.345795124344135285e-01
4.927241013781306078e-01
1.023325145856164964e+00
1.798520733979404707e+00
6.210415843349579301e-01
1.671411245409732738e+00
4.872217453717604396e-01
2.337193477865560531e+00
1.082273708067917894e+00
7.694844267230340762e-01
-2.065274323239902898e-01
2.031741827549514490e+00
1.872831756848003959e+00
6.950485325807855830e-01
3.962628502956715426e-01
2.553747348579206156e-01
-1.286860327263712023e+00
-1.631375638354876534e+00
-9.936384264209553452e-01
1.198270062763438615e+00
1.236322064774096896e+00
2.172625865475048823e-01
-7.985239273414903582e-01
-2.057674679649251215e-01
2.722204537241081912e+00
4.505305788886942442e-01
1.819732318371895807e-01
7.334023005007271889e-01
4.433924776663791256e-01
-6.590464091549973480e-01
-6.899744171762204337e-01
1.986245768984760796e+00
1.550192273573992363e+00
-1.023140665892952939e+00
-7.761899432177875591e-01
1.397174633189515180e-01
5.015260042215040626e-01
6.219624339624663101e-01
4.463150499913676739e-01
1.167492026197886723e+00
-1.137214540909328858e-01
-6.827739901328255812e-01
-4.047246699519945201e-01
-3.037135580068481625e-02
-8.951143845228766160e-01
2.655789950619293349e-01
-1.521620512785360813e+00
-6.542841325185969614e-01
-6.373404444066878005e-01
3.815419926670246542e-01
-2.610787153055268428e-01
9.340902584949544174e-01
6.671346761409417958e-01
5.961841014731238397e-01
-3.817778199313598964e-01
-3.528090534032260472e-01
1.814026797369639177e-01
1.547381900758739270e+00
7.701961002814133872e-01
-5.433224692205294026e-01
2.525347092264612070e-01
-5.815037202981605535e-01
3.566073658530574675e-01
-1.332998187151307912e+00
-1.134328520711862520e+00
-4.433552178130216737e-01
1.712388389541342537e+00
-9.310716120038092791e-01
5.807635740644440103e-01
1.878238045767385289e+00
-8.280780163080085909e-01
6.958751816909988230e-01
-4.367076285584245987e-01
4.178764881166044387e-01
-5.448788904933928867e-01
2.820977441264885949e-02
-2.443087198214702049e-01
4.989444720762910984e-02
1.092125687291875868e+00
3.916565225328649813e-01
1.100824348598873903e-01
6.655124861663215263e-01
-1.100002721590505717e+00
3.722922166277820022e-01
-1.615500261851981367e+00
-9.107804681737246000e-01
-1.109587707588184591e+00
1.316899052478925081e-01
-1.279903068708550529e-01
8.642007276814744898e-01
1.781965686016783734e-01
-4.378083353907809006e-01
1.990369426093830107e-01
-1.701687110694666716e+00
-1.153023149299651440e+00
-8.565064075561653612e-01
-3.986644211030223595e-01
1.442367130031018962e-01
1.007280896778369184e-01
1.181072749948704592e+00
2.500190768251406292e-01
-8.325741651116267406e-01
-1.385009622635295923e+00
4.354471989448471247e-01
4.011903448410555351e-01
3.332421849474305198e+00
-1.184096295803882759e+00
-3.368391754168422181e-01
-1.726113536516748370e+00
-1.977992735478105446e-01
2.246263725933711708e+00
-5.028143568985590228e-01
-6.927340676362715444e-01
1.593721384579495748e+00
2.122948414155353181e+00
1.452126848985253738e-01
-1.816798331517846199e+00
1.127318364619084745e+00
-1.295992588564539805e+00
3.008359628808105479e-01
-1.653890866819392125e+00
7.451782289757631350e-01
3.282274871914052095e-01
-8.864231167635926445e-01
-8.553456387883788814e-01
-1.052405262639064754e+00
-1.123934753572876089e+00
-9.684578886292860567e-01
-1.849805103607393031e+00
1.312689946701195431e-02
7.591935764999829285e-03
1.152493683872256314e-01
-1.092000985403181579e+00
-3.055385652934973884e+00
1.571267444701915483e+00
4.555146774480673399e-01
8.353643492709275087e-01
2.912379360818549423e-01
-1.516850674341081451e+00
-1.264791123617874602e+00
-6.312887114901268859e-01
9.341565818574353308e-01
-1.369983336839139809e-01
1.279847398990963558e+00
2.754619630140805242e+00
-2.402389892784673187e-02
2.057632954063687514e+00
8.133179149718420264e-01
1.766455631070893428e+00
1.762813289985219800e+00
-6.703499474182768036e-01
3.119202852055006581e+00
2.295319215405822177e+00
1.651802152141852442e+00
2.850810478950807081e+00
2.180910278212481401e+00
5.756257861198594838e-01
-1.441521769832445177e+00
3.292355385476815055e-01
2.036801621169423093e+00
6.369278273507692489e-01
1.177225971225031254e+00
9.684138718169778004e-01
5.807999805430670293e-01
2.219298061293012658e+00
1.403851726089752949e+00
1.825984563150338857e+00
2.078981582348357726e+00
-6.806942564760256609e-01
-2.442414129276770929e-02
2.712750378157005926e+00
7.306485766819950101e-01
1.101951327346248233e+00
-3.520206881413945332e-02
-6.609084711133095258e-01
1.030598062984039220e+00
-4.941785170830446106e-01
1.347637855813001551e+00
6.612997279506900306e-01
5.846439567781926971e-01
1.896353738189783034e+00
1.750453693435457536e+00
1.345091588054920129e+00
2.507928555353600597e+00
-1.129493277997317247e+00
6.865418172226729343e-01
1.443080640255823388e+00
1.232471229390180723e+00
1.947436207247694728e+00
1.381618405706922736e+00
1.276679537139795428e+00
4.983813849316657274e-01
3.084036897911839770e+00
1.846462848984144145e+00
3.694217434771992492e-01
1.249522748901723546e-01
3.158058694493558471e-01
-7.919235731448450721e-01
2.351582539137837546e+00
1.253887527038975991e-01
1.700989551090354990e+00
-1.184435958539682421e-01
-7.761619006933055953e-01
8.212581680630228753e-01
2.335353137214592145e+00
1.107347179815901361e+00
6.530360305135478605e-01
1.847575336740919560e+00
2.617515222754207560e-01
1.514568919450765438e+00
5.957025562917758199e-01
1.470838595297574436e-02
6.280279969118083283e-01
-4.402826216615096655e-02
4.144416267370514273e-01
1.327273918140127185e+00
1.958935675857178094e+00
1.956230483453992752e+00
7.246495135678535648e-01
2.539611788365825795e+00
-7.624002173927388881e-01
1.254218087824497063e+00
2.055571151299536048e+00
3.205029457197544618e-01
1.588016382187364961e+00
1.154048841734995889e-01
3.567518192447337588e-01
-1.337897419967040147e-01
1.817543327048535495e+00
1.322527374223174235e+00
1.943638779682145490e+00
1.491374736660576961e+00
1.540666874701376976e+00
1.323697611123825446e+00
4.666669342860585434e-02
2.289321487508569675e+00
6.139937337351566438e-01
8.243349331231790700e-01
1.533696703856717081e+00
8.774421099537187407e-01
-1.455808980112270223e+00
-7.272673480945475166e-01
-9.202022800008462511e-01
-1.224442935372842545e-01
1.730163567579948936e+00
7.090285879326465590e-01
3.500533127599047001e-01
1.713113702312143438e+00
2.549766551750711763e+00
2.318085966869498638e-01
-9.467992617165876812e-01
3.779069042364514575e-01
1.881632610436391406e+00
4.555724544730308523e-01
1.197060896700922861e+00
1.346680282805778228e+00
7.993570361396362678e-01
9.374642030508988366e-01
2.772979137142541628e-01
1.382279724417599942e+00
9.030817656261516113e-01
2.281108101547448364e+00
1.761668360467296690e-01
4.585179618773274068e-01
-1.325575710197500534e+00
1.027771606510724745e+00
1.934611512930652699e+00
1.803119024447083163e+00
1.797309802463708417e+00
2.108068757594095954e-01
1.659273242358760392e+00
-1.632578155847542511e+00
-4.766776892057680848e-01
1.416923999977696580e+00
-3.212599609742202572e-02
3.728955699130285795e-01
1.215468916077523387e+00
-9.534556744019262453e-01
-1.947676917630353222e+00
-2.413891293133207938e-01
-4.783208856195300118e-01
2.649930536038934692e-01
-1.444688838561444810e-01
-1.476462144651991271e-01
3.466945411786073183e-01
-2.201857815502045845e+00
-4.983752183529859270e-01
-3.981297894390393166e-01
-6.661461225577848533e-03
-4.632186611210221683e-01
-3.512991349006955866e-01
1.310949182981992145e+00
9.772851325091734820e-01
9.022197772728661469e-02
1.108412946400796573e+00
-7.526705783846857623e-01
-1.293606362562753187e+00
-2.114817830105875540e+00
3.563956494475883918e-01
-2.115030559197170756e+00
2.804515229116614439e+00
1.078417909967331223e+00
-6.981768749320814704e-01
1.233645849360017310e+00
7.603784274347641370e-01
-1.338305589762737835e+00
1.126703691811695496e+00
2.198337444943609942e+00
6.589036973430737465e-01
4.125622315748537217e-01
5.433749211856372385e-01
9.613144525685495684e-03
-6.757068233791140299e-01
5.968787508664413766e-01
4.615847172775430080e-02
8.055145100052055196e-02
-1.126649816373158277e-03
-2.948666638228722436e-01
-1.491299893918620167e+00
-6.668766889069276393e-01
-1.695375923840978238e-01
-1.116822476309439427e+00
8.578846625565521578e-01
-1.217245289443791983e-01
7.719208569790685093e-02
9.313009890290397941e-01
-2.085594930360602228e-01
1.206379254902232023e-01
-3.422052023181856861e-01
-3.289046450096292928e-01
1.552552095322606573e-01
-1.215809756878615477e+00
-6.037335519347978297e-01
-7.863784664130598623e-01
1.908044896920214339e-01
2.412871772675333482e+00
-8.556317212193831345e-01
1.803137811584034411e+00
6.519988699281299704e-02
-6.046585808116347049e-01
-5.365171863805628938e-01
-2.090478231096455641e-02
1.758865618050408641e-01
-1.279987329964768605e+00
-5.353702056782643215e-01
7.378874143629537974e-01
1.510733659123264516e+00
8.311104709616482511e-01
1.170266546420210663e+00
-1.056934857446684806e+00
-2.699275423083224296e-02
1.313002620506915630e+00
-1.120004104274903378e+00
1.946251492411198658e+00
-8.396349716148225895e-01
8.337308730107774180e-01
2.099824974004690370e-01
-5.127741798721742184e-01
-7.069708482414460704e-01
3.712699144477556445e-01
-3.261954026939311024e-01
-1.037918337588756179e+00
-1.147610729870808477e+00
-1.377069990768295504e+00
7.314296115017645539e-01
-8.080174750175847520e-02
9.767517114338039041e-01
2.128641994773083912e+00
-9.779749982637198080e-02
-5.106808378791776182e-01
9.212514608630574253e-01
-2.048995533048658946e-01
-2.318003400752081389e-01
7.030888252873275235e-01
5.962128926594559841e-01
-1.851847576564951359e+00
-2.747864460420188504e+00
2.188977920490278173e+00
-1.615686831266158752e-01
-1.626696222525272351e+00
-5.066154914822810218e-01
1.090051741061846213e+00
-1.294243585635964200e+00
1.290710046988890802e+00
-1.224424996343268957e+00
1.985915398165186918e+00
5.657343435613076954e-01
-9.429168891063516300e-01
-5.297484215570213983e-01
-2.760764208566777622e+00
1.384479249511484822e+00
8.722811047620381286e-01
-3.550264350576177730e-01
6.733746888175194956e-01
-2.138203412913317170e+00
1.951329984769158421e-01
8.657762497505627763e-01
-1.186834019035257537e+00
4.163568475242163669e-01
6.022683562597430651e-01
6.416936292130837050e-02
1.390153958535869982e+00
-4.149333287575451834e-02
-1.061717507948493289e+00
1.750670195613466040e+00
7.630419261586298685e-01
2.974865503972848657e+00
1.138321083456235172e-01
-1.079581608423275885e+00
-8.571467947935902387e-01
2.722991306535240241e+00
4.112207946723389629e-01
2.404312507876199767e+00
3.681967591107933035e-01
1.701172933960865219e+00
-6.422213783567309875e-02
7.053023978689474394e-01
1.773381204347966866e-01
4.310983084887674011e-01
7.666684402330152803e-01
2.505881780266877357e+00
3.188891200380890023e+00
1.112178187985082056e+00
2.245800430375763490e+00
-1.223090480698539650e+00
1.525281499832693566e+00
2.333932639085714911e+00
-2.377027337193482470e-01
5.797716662833397594e-01
7.580116656422182242e-01
5.144226674362187834e-01
2.195884987593017534e+00
1.992985041037588445e+00
1.786387460242025327e+00
1.770983832866275254e+00
2.625675406164360570e-01
1.957725786110086297e+00
2.056482420307554460e+00
1.091325722695728029e+00
-1.640713453655604503e-01
2.292193792840587108e+00
2.877539543054211002e+00
-8.234490831337157868e-01
7.221347815250257485e-01
5.392126911052732563e-01
2.578200408385637132e+00
1.596241596819768072e+00
1.303257018569709880e+00
6.436474568549774844e-01
1.224924966408765581e+00
5.398930038540785681e-01
2.062007910624598317e+00
1.302125185367692728e+00
9.073629841873245283e-01
1.617970972545145880e+00
2.330655024849362267e+00
1.121776969761169029e+00
1.663692804358530619e+00
3.443107317174254334e-01
1.255014931383635846e+00
1.277749901860992576e+00
1.921929479238447147e+00
-6.571865929240172655e-02
-1.243491965192103033e+00
1.592953364553206352e+00
-8.573211452435157420e-02
-9.466264070607027792e-01
-3.273756905520396887e-01
-1.218392789661489409e-02
-7.228405959302616202e-01
-4.980289907103144231e-02
-9.707668794271495649e-01
7.424990542006945082e-01
4.034811490909344101e-01
8.399936762308766180e-01
5.155393391663866121e-01
-1.169313562039772769e+00
-2.002932447827085127e+00
-4.782525482326379085e-01
4.219638915310675586e-01
3.307234199374892714e-01
-1.465584701802200573e+00
-1.841671993707403310e+00
-1.184044089339474082e-01
-1.391887375996727627e+00
1.487280763899720748e+00
-8.499276767391714671e-01
8.670416517590289196e-01
2.933612166115324160e-01
4.026705087911536252e-01
2.966647105654570127e-01
-3.124725072530096237e-01
6.443970946127031141e-02
-1.468872400365526021e+00
6.605617303246209548e-01
-7.774516239615371083e-01
8.325956038204749277e-01
-2.224581000313015089e-01
-7.258404573221547036e-03
-5.877835459259507234e-01
1.368754884381847281e-01
4.442275337920451594e-01
-2.129554972962521386e+00
1.964308677958084282e+00
1.508130522293717357e+00
1.372722874878944954e-01
-2.568050591573404207e-01
5.910143838051072906e-01
3.290629304807015654e-01
1.890028277196652631e-02
1.054057222147353645e+00
-2.938153798707505149e-01
7.525642832809796845e-01
7.022171300026008867e-01
-6.861756414062528675e-01
-1.373699802050813767e+00
8.458777450716353785e-01
3.396005467421622237e-01
1.362368365156824412e-01
-1.116719854075115759e+00
1.205287298128197571e-01
-1.484867593335332803e+00
6.865371884133050218e-01
6.605277483301514874e-01
-9.007598354774064286e-02
-1.050033828546230508e+00
4.994630259179272391e-02
1.060740772985196090e+00
2.771597171782638647e+00
1.562902586749674638e+00
7.293843389259324628e-01
-9.200429747320282292e-01
-9.418322004955625992e-01
3.987890978220537397e-01
1.520320726698575875e+00
9.999559999746925332e-01
-9.646269374227456339e-01
-1.927846146888361201e-01
1.463524197014984374e+00
2.120705942179128556e+00
-1.206051771534466521e-01
1.508499845772237169e+00
2.073205539642887452e+00
1.103420001176592891e+00
8.399978224272114380e-01
1.865005352060377541e+00
2.043883456154127920e+00
2.054580825917747156e+00
9.276976417740713243e-01
1.847573533650306743e+00
2.067587469208779893e+00
8.746664026282847670e-01
1.216176686164381904e-01
1.014656237172396613e+00
5.343414197899734042e-01
-1.396172841924839592e+00
3.291128148872036085e+00
1.822794019024173151e-01
2.180115730788847461e-01
5.831357162034366270e-01
1.521609266171305874e+00
1.843410588861600807e+00
2.563457881716606046e+00
1.923123874298854563e+00
2.035777954957174174e+00
1.522241368061176825e+00
6.820379950358481658e-01
3.454728543317871381e+00
-1.325221376204011037e+00
-7.515357316798543241e-01
9.482497639025214697e-01
7.601465860189104973e-01
6.486400442982502845e-01
9.879115675168292920e-02
1.568064463628501271e-01
1.428126777888534260e+00
-2.463026990972849717e-02
1.304565329229005810e+00
-3.102934122235745384e-01
-1.130814843790313162e+00
-1.796618362151023440e+00
1.997020156698012139e+00
1.013536462051707332e+00
1.565789303109322406e+00
1.209339839386142090e+00
1.780097980054462958e+00
4.490085808906182363e-01
8.448844824248735730e-02
1.671997550500922802e+00
2.008682152766270157e+00
1.813330768497047440e+00
2.811009937920522783e-01
-7.940423340080390302e-01
-2.380079062686143665e+00
-3.062417278427582296e-02
-1.230332516798626243e-02
4.651063825036571009e-01
-9.576109354590265355e-01
-9.265163478663697161e-01
4.106549786950713377e-01
-5.483785716865504645e-01
1.280152550634300335e+00
7.186463534670829434e-01
7.396066015664026772e-01
1.251228455604745493e+00
6.646575825581855224e-01
-9.783744097398837658e-01
2.241035988962494785e-01
1.998030394474727522e+00
6.662283050126899253e-01
3.957936134608389112e-01
5.442594155031643677e-01
1.371217149923533274e+00
7.803559871757359545e-01
-1.467534804332421006e-01
-7.240383375543385513e-01
4.663440563374229852e-01
-3.283464652634281444e-01
1.258459319512064578e+00
-1.399612219136993740e+00
5.714705938012396569e-01
5.146001463356240091e-01
1.335001213116843832e+00
2.015524954651374934e+00
-5.386394891982805300e-01
-2.146922656415263031e+00
7.121355534535193099e-01
-5.143790990616580183e-01
-1.202513924276697566e+00
-3.586174145492937448e-01
7.825022301968471705e-01
-4.089073805065132627e-01
1.136612701362083033e+00
-3.592489459598263490e+00
-1.212554281154803570e+00
2.462553646438515820e+00
-1.122292065543313011e-01
-2.330763013511125969e-01
-8.551426217343846004e-01
1.515001145915429781e+00
-1.218742840975202357e+00
-1.269991941814435643e+00
2.927778864451933138e-01
4.100515671749746516e-01
-8.211585435574497716e-01
1.759331782456589610e-01
-7.401947963152814836e-02
-1.407032773148278126e+00
1.437020963139371998e+00
-1.232085452992329522e+00
-9.449994603533865001e-02
1.279509195459384019e-01
-1.423595947081622626e+00
1.555205767188522659e+00
2.146353113062483331e+00
6.652256666317520883e-01
1.773327174381102100e+00
3.605176538274399434e-01
1.766869719598651134e+00
1.504776684325748626e+00
1.494772375386893337e+00
1.909810272134749187e+00
2.890729862240067227e+00
1.174811909718940228e-01
-3.380092524231543827e-01
-9.927570290864935476e-01
2.373096654252394577e-01
1.019407425139621459e+00
3.035492150604093720e+00
1.105298020851150698e+00
2.768520548158887706e+00
5.437419512697349022e-01
2.467586799424230648e-01
4.433494844853426153e-01
-3.783123660350389272e-01
-8.225181075027949706e-01
-4.996859227226146949e-02
2.150368210632525034e+00
1.412242253822635796e+00
1.173780869877966815e+00
-3.109327074377170597e-01
1.458940907651510521e+00
-4.222358443641471837e-02
5.043956606054577074e-01
5.662113350311321902e-01
9.643529086739927036e-01
1.157845758247903145e+00
4.729473956982988003e-02
3.444846529607764607e-01
7.917955488928021257e-01
2.800525759982857466e+00
5.715866659846302600e-01
2.420702809638155539e+00
1.274647917526727348e+00
2.370126426751160587e+00
2.716314264611151774e+00
-9.930584763591625563e-01
1.314344886057230877e+00
1.175145195002118781e+00
8.001519719173069145e-01
5.026627931583060871e-01
-1.856952302398018340e-02
3.239754033708024838e+00
-8.188228114059423746e-01
-9.511659006019521634e-01
1.866299590953599985e+00
1.033599721875399613e+00
1.260979764405914416e+00
1.466706118211363208e+00
1.956878450782675305e+00
5.561023662448640881e-01
-8.894162471187816443e-02
7.976543397311258721e-01
9.718953936433998297e-01
1.747322584838344461e-01
1.345892696947981415e+00
5.704064670227002587e-01
-4.487516571548157973e-01
2.396374590799742244e+00
-1.806857366614913474e-01
7.753827951766844029e-01
2.167665944171658587e+00
1.467508178451309542e+00
1.975258384761096053e-01
1.454556955979159349e+00
-1.587473456026877727e-01
8.940453380571961040e-01
1.068244557435252373e+00
9.322871687629057380e-01
1.223928221793707971e+00
1.049635865333809148e+00
1.102872628973258662e+00
1.057603403695367206e+00
6.808100044992653199e-01
3.434144937098073669e+00
5.696138796455527675e-01
1.201809536045836069e+00
9.414110913017869064e-01
5.234903519398264038e-01
2.335830023526164645e+00
1.284071514847957785e+00
2.397360243807555857e+00
3.442249142583764243e-01
1.110945689371841461e+00
1.662955588865941747e+00
2.043832205447317030e+00
1.148760944349469959e+00
4.700567825102393016e-01
1.922921106648633582e+00
2.817384344407485308e+00
1.227720704577696553e+00
1.499458520429965080e+00
-2.796000215956409019e-01
9.766899125108829960e-02
1.235598875390615969e+00
2.746506673399018439e+00
9.789573782343043984e-01
2.595373877703952559e+00
-8.089491048014703090e-01
2.108407688830159721e+00
-8.718291718965380799e-01
4.938194060144027731e-01
-7.188498476278069038e-01
2.747484137846079033e+00
2.143016340719137602e+00
1.357581112094483178e+00
1.490028843214232346e+00
5.941531991528039569e-01
7.190651881085324826e-01
1.771774751578745200e-01
8.278082690391634912e-01
7.445275316983495095e-01
-1.124649401901118395e+00
-1.550398230939475930e+00
4.435360656156506209e-01
2.750574181150381436e-01
7.781662186148249338e-01
8.641420150472644002e-01
4.653876713616685867e-01
-4.354946354589508406e-01
1.080026809007347488e+00
1.507922039365959144e+00
2.249462159946653550e+00
2.049719841508139240e+00
3.577296725778038033e-01
1.388291266439922733e+00
-1.013284408409667492e+00
5.943292866055134294e-01
-1.566403524412009141e+00
1.121020069591898219e-02
5.987746336721792018e-01
1.669001526560404569e+00
2.311196633505968878e-01
-2.998047398380704331e-01
-6.590599119307174458e-01
-8.257046764280820961e-01
-3.604863202133432032e-01
4.547978003447581408e-01
-1.830921512722788469e+00
1.174537415624020031e+00
-2.875167279292654976e-02
-1.991395883053543203e+00
-8.308493493324001222e-02
8.562431847542034680e-01
-7.710557400134905315e-01
1.044708019600759874e+00
2.145921316981796334e+00
-6.088262288370720476e-01
2.770248213179031249e-01
1.348817644485477141e+00
-5.500518693842482154e-01
-5.183890411035692314e-02
2.713251963982653003e-01
-7.348586929107927546e-01
-5.299012912739786696e-02
7.321059722272535986e-01
-1.521672629103242302e-01
6.009503598181635819e-01
-9.643223165339713798e-01
-2.451715435239473773e-02
1.375166654371170027e+00
1.701426083701166325e-01
4.786554046243842175e-01
8.804686776292742767e-01
-5.363665497147245276e-01
1.169168163576231212e+00
-1.108600410032423822e+00
-3.572378600608974164e-01
1.058694932513038589e+00
2.908386561083948219e-01
-9.113441467811026486e-01
-2.150609838307030675e+00
-1.196205496089485898e+00
4.644536100941993317e-01
-9.021572141012906831e-01
-9.656689039235499816e-01
5.455875411091536398e-01
-8.082597959813909716e-01
-1.079381007957534555e+00
-5.491061106527079794e-01
-5.353700906673949378e-01
-1.197909410566652122e+00
8.111993529182094376e-01
4.430563926162257166e-02
8.373127719101198796e-01
2.203569485941371919e+00
-2.147684890368082855e-01
3.089397981990102404e-01
9.185334612693708545e-01
2.171387149697616981e-01
-5.803543377420057325e-01
4.663799520963359813e-01
9.934003084011931994e-01
-7.020323018067836651e-01
9.657479791316525564e-01
-9.427107470493073516e-01
-6.652748307077742673e-01
-4.857280940114934165e-01
-6.672938878210611380e-01
3.052884132032651077e-01
1.526804957532428286e+00
1.806581443034457557e+00
1.202342975631370381e+00
-1.371210488415910422e+00
2.224381038396096688e+00
-3.321178507892744713e-01
-1.400791536821061500e+00
-1.290709292447975276e+00
-3.772216022441323147e-01
-3.583475150784520280e-01
8.163028135388693540e-01
5.253987766311182250e-01
6.322544671782382997e-01
8.291224557413466867e-01
8.055569401973642352e-01
1.645296347845127127e-01
-2.778195327411348559e-01
7.492219012289452751e-01
1.429117552380593584e-02
-8.996323967977178926e-01
-5.421398767241403238e-01
-1.428899048602072286e+00
-6.555170462730504077e-01
5.018362572198638016e-01
2.386970275828509958e-01
1.735223292890128333e+00
-2.528003143281162268e-01
-8.476279766807408578e-01
-1.279956111852651457e+00
-1.121171784830293561e+00
1.030333984968162753e+00
2.455156290167118671e-01
6.147835462854591565e-02
7.948428458942183861e-01
2.208161513145471488e+00
-1.341484702826356568e+00
5.634812876113400870e-01
4.842999137186363434e-01
-1.091424230923232042e+00
-7.952511124169270307e-01
-2.117061592930661040e-01
3.982298640234144260e-01
8.343339427155416210e-01
-7.518343453299610735e-01
4.561700503391299399e-01
-4.519734364327870346e-01
-2.111911903315002004e+00
2.323255972265305669e+00
-5.544387545606882517e-01
-8.527712442972927853e-01
7.515660205384447901e-01
1.699209217343207623e+00
6.590465676600167910e-01
1.437033174213388165e+00
4.918399823676786742e-01
2.785728566381034277e+00
-5.442376955611711864e-01
1.194155676970320989e-01
1.453634648447468924e+00
2.388906501095233725e+00
3.625599777277781488e-01
1.109261200667060354e+00
2.019983166641826422e+00
2.184702958633132353e-01
2.127881936585684031e+00
1.278695648097052162e+00
1.803953720122978499e+00
8.135949365455042992e-01
2.808955209461030833e+00
8.187430147681201698e-01
2.670657797235448605e+00
7.133397943489051540e-01
7.980218920884190048e-01
2.630097953518295562e+00
1.438826382633601186e-01
1.527590671213030049e+00
-6.812931005665481266e-01
-3.077070228527141182e-01
7.716100843113785634e-01
2.290113830803900186e+00
2.985783603850935997e+00
6.704823952034193457e-01
2.259991732853804614e+00
7.621949056551511337e-01
1.568497066804511286e+00
1.530446415884293643e+00
7.761370348613472192e-01
1.143750155824444281e+00
7.593510040652432513e-01
9.771986010652942145e-01
1.169090356503565742e+00
-4.919177775480654269e-01
2.068265351730911306e+00
1.794257248987726872e+00
1.329114824048138743e+00
1.532529287254916772e-01
8.119572959366505582e-01
1.520064191817337873e+00
5.896969104343086077e-02
2.308753886636367270e+00
-4.449115887171073425e-01
1.669344401887177032e+00
2.965243067976730540e-02
1.239884207474925004e+00
-1.528642409006149894e+00
2.045989430297347145e+00
8.615619356751280655e-01
-9.343382972267815223e-01
2.547452363748814896e+00
1.258106688779831117e+00
1.600476737580041942e+00
7.336809005600752887e-02
5.707628395267829724e-01
-1.359170607152513366e-01
-1.447896245580697627e+00
-9.467977664086150158e-01
-1.628245763653185740e+00
5.001767725109136364e-01
6.572129255110542578e-01
2.128159525036861510e-01
-3.249242780562336952e-01
-1.835798831876273240e+00
1.592236201289459974e+00
-2.344536720978300515e-01
-7.357828006637665563e-01
7.834106026385426191e-02
2.162792530272628078e+00
1.636476173230913544e-01
-9.758781009588815003e-01
-5.576241649803568290e-01
-3.374147757261992675e-01
2.997417939735676495e-01
-5.087383254508675429e-02
-1.879893351138260948e-01
-5.984946133350883546e-01
4.691877025319839967e-01
-2.025936499993696571e-01
7.345983255602764883e-01
-1.783167870964501300e-01
1.184713380439684771e+00
-1.042122481489456742e+00
5.586766190933772913e-01
5.068300873719805422e-01
-5.833605822978764621e-01
6.792574423574317954e-01
8.832540033516524947e-01
7.746497246649484136e-01
-4.388082533804962271e-01
2.693908504869584886e-01
1.118807392732447559e+00
-3.093361158899528562e-01
-1.833109140641293600e-01
4.891222542886871638e-01
6.983202559248335994e-01
1.026567341828961810e+00
-1.563855681308535361e+00
1.895909113177286720e+00
1.613833200542355018e-01
4.270576855626107560e-01
-1.288153079786138466e-01
9.532594849153344096e-01
1.973501578214384780e-02
9.543039951759601375e-03
1.388885110821562074e+00
1.431653930128508723e+00
-8.396360563811108291e-01
1.098458968284847792e+00
-5.612157760821696595e-01
-8.622351771648970598e-01
1.064570546375192439e+00
1.646520654740573297e+00
-5.205497289510048198e-01
-9.250069898341619634e-01
3.857054920039582613e-01
2.248704863917555308e+00
-5.006790448530046289e-01
-1.101156841233527361e-01
-1.141519726446343252e+00
-5.407927168590088707e-01
9.910761916758386025e-01
-1.076263654055879648e+00
7.516856229391637445e-01
1.061364988661819497e+00
-5.502861075655007816e-01
9.554628808922425165e-01
1.493614741179472682e+00
6.512774770582658856e-01
2.034154026213857325e+00
-8.856781999734442135e-01
2.060350425791809492e+00
2.788243694098042624e-01
5.910437656828742004e-01
2.702223712626460994e+00
2.589598186833952376e+00
1.166536157101352167e+00
7.454965159676361086e-01
1.415924994818249072e+00
-1.118172182652399371e-01
1.461242458445750181e+00
9.423998761930985069e-02
6.722307778667462319e-01
1.745751028608690358e+00
1.984447891408908315e+00
1.776935181710147527e-01
2.774845126612213608e+00
1.147854104761360405e+00
2.142967909514610358e+00
2.069189466184144344e+00
2.392101849898013999e+00
9.270600318653803296e-01
1.952968575842641386e+00
1.374472933096787752e+00
7.941663165759301757e-01
1.329430999327254392e+00
4.311780144070154197e-02
1.131818252736752850e+00
7.619904294776873588e-01
-2.466560692883004169e-01
7.147490728032919183e-01
1.424223985754120569e+00
-1.336002206383817281e-01
1.636705844673080001e+00
2.139670369272436368e+00
1.088914250788681315e+00
-5.151912345307243513e-01
2.585996247531022529e+00
-1.137083115288953117e+00
9.303452798231143239e-01
3.279233349542339804e-01
-1.826994091626130690e-01
6.519849574339428022e-01
1.660960434717575929e+00
9.399611719590150738e-02
1.580622599822168572e+00
-1.053971092009623689e+00
2.832773528234279192e-01
-4.313806633528274315e-01
1.471346449969611392e+00
1.007627099639447854e+00
9.325053650594109511e-01
2.726184313071740473e+00
6.759779244449521940e-01
6.290758550898800650e-01
-6.974810716397488175e-01
9.213541163091718555e-01
-7.508893372544739320e-01
8.726055262931922130e-01
6.007258693246164682e-01
9.603017185718485393e-01
7.378664384840980528e-01
-2.073252029026253496e+00
-1.962241753898620988e+00
-4.365747058160553418e-01
-2.531343702664617723e+00
-1.092562790532696226e+00
-2.002060532028790418e-01
-4.609778839807114892e-01
3.637460850386075029e-01
-1.009101478334883728e+00
1.350724869249907423e+00
-4.490973922470415380e-01
6.167096433352028395e-01
-1.211180615277544614e+00
7.090683907128830787e-02
-8.431248935277046996e-02
5.379512905426475644e-01
-1.047678449695100378e+00
-1.502440908291399202e-01
7.386494048497999065e-01
5.984294162337749912e-01
1.145752619970579422e+00
7.473788677492322341e-01
-6.138341062002726778e-01
-4.117286924275480597e-01
2.547958361427584140e-01
-1.062659128370854411e+00
2.869719187364384583e-01
1.202051487553801756e+00
1.207317862641727135e+00
-6.729393910518380872e-01
7.794524813134411367e-01
-3.486488658569791843e-01
1.577844322608192629e+00
-8.684168924037024562e-01
4.007385874502650269e-01
-9.808189289450840453e-01
9.981925300138823065e-01
-1.226885969511234790e-02
3.923858898848178733e-01
-3.269919202185180840e-01
2.652492282933242573e-01
6.166451027330469362e-03
4.176250941056637855e-01
-1.100307482978068130e+00
-3.390935505858063692e-01
-2.874563732230627777e-01
-7.718234229846175909e-01
8.517144319704103017e-01
6.182666863121498713e-01
-3.486592733387128829e-01
-2.322455959668151548e-01
-1.014241696149813743e+00
-8.545652792546545307e-01
1.157560303901135512e+00
-1.965704179976010824e-01
-9.247913594870695031e-02
-9.586028228460867495e-02
4.659850394821993813e-01
-1.112055231525748145e+00
3.334040575916229487e-01
1.419018886136905744e+00
1.148330361527435395e+00
1.749829982729601774e+00
1.269508907292304700e+00
3.125249541150225241e+00
1.858363579390625908e+00
-7.180236069375591779e-01
1.066696019725180467e+00
3.671392146469731887e-01
1.145187169213296663e+00
1.159647951845224068e+00
4.787168008226069249e-01
1.680853412463633401e+00
2.561966934135376128e+00
2.317050708173661100e+00
1.631419414298642012e+00
1.438584509655085109e+00
2.286175100430761997e+00
1.400348795771301003e+00
1.551485199719369490e+00
1.547417037919831539e+00
9.854069317578901810e-01
-1.104602210271439233e-01
5.722531268600248300e-01
1.338033460047375778e+00
-1.540082423756112817e-01
1.281561366804964797e+00
6.716736597840462508e-01
2.513382130998525366e+00
-8.276826957600904588e-01
8.807930628422766528e-01
9.164078938238354732e-01
1.054117908250918667e+00
-6.318687344820950180e-01
1.927463505667752486e+00
2.587571042172536639e+00
1.091278001206993142e+00
2.401936021084598138e+00
8.366266759036581346e-01
5.860881678046214738e-03
8.130134226849261569e-01
1.521392471673786773e+00
3.123998916489492128e-01
5.623640190330764232e-01
-5.232455756785228118e-01
1.025312218147550691e+00
1.276286025438641669e+00
9.743631747024372736e-02
2.440609890592162934e+00
2.036190404136723586e+00
-1.686888604447432716e+00
1.995039829325430114e-01
2.168871546326734290e+00
1.317491236284852318e+00
-4.286308800009865916e-01
1.910804859507010178e+00
1.051718389644219265e+00
2.187350278266072756e+00
2.923020346631377997e+00
2.610674146039019927e+00
3.283141665860340730e+00
2.226538627626998501e+00
7.139443859292283756e-01
2.406807775785277936e+00
9.134616811023329452e-01
-9.586543206339070977e-02
5.742270197089547334e-01
-3.703229094061322169e-01
-9.182773203243010940e-03
7.072118259774213822e-01
1.594508393520981837e+00
2.502221866270325501e-01
1.076215639913948641e+00
9.004111431057326698e-01
-3.099676286467711872e-01
1.168194298129658248e+00
7.069846334011270494e-01
2.119188224593152370e+00
1.205085950820601548e+00
2.218798365725281219e+00
-6.075296734733999227e-01
2.120839805644934906e+00
1.845594538085721048e+00
-2.890315681781032708e-01
7.546507482205409012e-01
2.396134670503593078e+00
1.028678776396450445e+00
3.418674515759821286e+00
1.542341353823882599e+00
1.963933278530592741e+00
1.055885678939486150e+00
2.583757672705584874e+00
1.413135531230933051e+00
1.335026464007994518e-01
-1.995744179353797776e-02
-5.942458149040428239e-01
1.012106405938570708e+00
1.975291911943330980e-01
2.229303884829932914e-01
1.231483390224113572e+00
1.039552330941403424e+00
2.548255610241836333e+00
5.612153357280729171e-01
1.222745706084732875e+00
3.056644906957428631e-02
9.767766486018512051e-01
-3.775147504705254065e-01
4.964733637705042169e-01
1.142481597992908826e+00
2.497714257778663516e+00
2.319107383487851060e+00
1.714403552787652885e+00
3.402418345571598390e-01
8.447747661044686662e-01
1.111726767410634142e+00
2.281730298213413555e-02
-6.856966497200540633e-01
2.981644478513797214e+00
1.943957831017664617e+00
1.426300428511089846e+00
1.984593430283212445e+00
5.150262167616859177e-01
-6.643925948980509144e-01
1.000488437743951353e+00
1.985827873384894415e+00
-4.448069458419634525e-01
1.497474737550549939e+00
-1.232362221956489812e+00
4.742318378791546829e-01
2.272359409302762145e+00
1.123934106091333707e+00
1.814649630406671488e+00
-5.755121180565108130e-01
6.117567442891678198e-01
1.451269919323449509e+00
-6.644878551863977467e-01
2.029144037677495849e+00
-1.008313839190744243e+00
3.025237600402621574e-01
1.173095869154805460e+00
1.443933981580773462e+00
7.523558335876031622e-01
3.562535648157145296e+00
3.308197124073267492e+00
1.473694676497453226e+00
3.759715954375230762e+00
8.029266579701433981e-01
1.181012933088996020e+00
1.116368327371296987e+00
1.160188047207812323e+00
1.499062530141640703e+00
8.647686749387650806e-03
2.030323824740945415e+00
1.672029662557451335e+00
6.987616263469618172e-01
2.625319257362068726e+00
1.779920890231156072e+00
2.824579421686560288e+00
1.118655459466987523e+00
1.127270222739151784e+00
7.477720774309741802e-01
2.255196602430464381e+00
-1.393232586066106560e-01
9.737313201777489935e-01
-3.992945471890692044e-01
-5.084853795164481216e-01
-1.009925306327364325e+00
6.409416281595603504e-01
8.997565591805413154e-01
1.833158741290815907e+00
-5.055157149719515797e-01
6.369547505081674110e-01
1.239888880549028460e+00
5.319521051678675061e-01
1.939955916215505560e+00
1.970671234545657846e-01
2.228873714484935320e+00
6.730633070151941233e-01
1.793888865893567441e+00
2.466192708967042124e-01
3.419612038367059181e-01
2.358702810713220188e+00
2.685684391233619017e+00
-1.079677593739098995e+00
4.562925140903619781e-01
1.769421792490687650e+00
1.676285032920254103e+00
1.398416240497891927e+00
1.122856045558248583e+00
2.409820756301408462e+00
-8.929660666437062577e-01
4.716394467602895157e-01
-2.138520034130550584e+00
2.783729791600088710e+00
1.735456755852095689e+00
-6.976707326533572173e-01
6.294102936604225595e-01
-1.186562365802988628e-01
-2.929399274018688049e-01
-2.128429659461821277e+00
1.703492517208851920e-01
-9.735078422725210734e-01
-8.671371419589430918e-01
-3.841085726929712174e-01
8.020118325403469139e-01
-2.438008529237678246e-01
7.884363706750526779e-01
-5.630920755137114320e-01
-1.303902509035032464e+00
9.757488924005182085e-01
4.798339329691699850e-01
8.288838624845394909e-01
-8.584433388043252178e-01
1.510255607228881303e+00
1.289503421882658207e+00
2.571728093088046507e-01
4.098285226248920415e-02
6.046115964155662770e-01
-1.357034027271616372e+00
-1.578675563183261354e-01
2.159298578621514642e-01
-1.011555308068311732e+00
-1.956821357054655097e+00
1.430895781905848541e+00
-9.100872225430359230e-02
9.195278658146933681e-01
-1.862827272280158653e+00
3.857278715701783489e-01
2.939521996134230597e-01
2.330298204015547048e-01
6.262497096303515365e-01
9.462969901696352895e-03
7.857048162779322054e-01
1.359814159392809918e+00
-9.581611300866719194e-01
-5.698917146473236883e-02
4.054240929622702772e-01
-6.646682717668103701e-02
2.933538460492012834e-01
1.214503734390548484e+00
-5.453254616689547918e-01
4.090868343261107598e-01
7.301011294392735218e-01
-1.013275679325972324e-02
-4.190464673038969967e-01
-4.985078401166704865e-01
1.819377903467602087e+00
-2.649583538355552159e-01
-3.437858229276788413e-01
-5.865454878801856786e-01
5.440835747309017423e-01
-4.647548049985398833e-01
7.844943049780450650e-01
1.370332265330032273e+00
9.217243122785022669e-01
3.954968500443604151e-01
-4.287443342815466275e-03
-1.402415267150966816e-01
-2.300008637349247043e-01
-1.512051034484908907e-01
2.417059466448091776e+00
5.057414395982131605e-01
-2.674092685963093796e+00
-1.051918121975360942e-01
-4.555421437406520502e-01
1.680530880144365913e+00
9.421993745441621382e-01
1.185970702153946288e+00
-4.770287464302541136e-01
-1.431156129428689638e+00
6.482796932509919674e-02
-6.022596257915878715e-01
-6.748084555077268343e-01
-7.888121139087457268e-01
6.920176249047330641e-01
-4.837862374633595253e-01
-1.667866210651996361e+00
-5.266566253224125305e-01
-1.814253494721462578e+00
-2.025095905796097107e-01
3.032924069708639037e-01
1.082964559724977738e+00
3.837594825449756608e-01
-1.225817585419725519e+00
-1.708464161215090149e+00
7.164083251118265050e-01
-1.422136462227169829e-01
-6.073910705505159990e-01
1.826497259633036996e-01
-1.833176547681375501e-01
3.285088597845841618e-01
1.312715188879344907e+00
1.198424870532696085e+00
-7.545864743445837020e-01
-7.123581010026331928e-01
3.889781423515452016e-03
-1.640114876733251625e+00
1.935523181453421282e+00
-1.163158922694755848e+00
-1.824041528606499485e+00
-1.315570988475855518e+00
-1.016034107326178493e+00
6.221664946835053084e-02
4.905946046921246806e-01
-9.177856047477832291e-02
6.033042016485694603e-01
-3.699991094055039009e-01
-2.415683234824312353e-01
8.326513755417934703e-01
-8.604239229115691057e-01
9.533251360720232936e-01
9.373273373071496772e-01
-7.146641158923078274e-01
9.491965047278966283e-01
3.377957763990989681e-01
-3.086775597385517655e-01
-1.792473591467931004e-01
2.413844543161013156e+00
1.849308463833495786e+00
-5.349752673157626148e-02
1.276217202865664424e+00
1.910312048893998860e+00
2.604745115491816421e+00
9.450993028354056635e-01
1.457139404150875173e+00
2.181793379591490112e-01
9.094955712737003983e-01
-2.414459707745442163e-01
6.959721938355614146e-01
-5.046220452948715351e-01
4.850190415708985903e-01
3.397410892180277031e+00
2.203881983667923539e+00
1.460264489192852011e+00
9.267521026115255189e-02
1.740439393750212282e+00
1.803160585290608520e+00
3.062813987311668651e+00
1.400528452483232433e+00
1.646765034063472743e+00
8.468748977206144168e-01
5.553528436148812419e-01
1.444658922458528227e+00
9.282298841805101119e-01
2.342588908393850922e+00
8.227633846763224845e-01
1.484207306100435719e+00
1.359979630998019884e+00
2.324000159396375498e-01
2.299768575570436013e+00
1.972212674802392929e+00
1.332520149089692296e+00
1.489959520530028225e+00
1.320570936168049547e-01
1.878700119507324517e+00
1.939544098865146005e+00
1.268881677803398667e+00
1.162776243547729571e+00
1.215700992408387471e+00
2.976124212610726794e-01
-9.527302751099091527e-01
6.393754729250205049e-01
1.402245685343277648e+00
2.920055248976571871e-01
-1.113763296395344771e+00
9.130280927038622041e-01
4.773752439350524845e-01
-1.582864339285174893e-01
-1.194380836004652835e+00
7.433376837931284786e-01
2.468138362867150493e-01
2.694285337304558325e+00
-2.665278678854108296e-01
1.641065567487877352e+00
8.977689345631472140e-01
1.568931780579846169e+00
3.116389025332187313e+00
8.322667277045258105e-01
1.801450293794574220e+00
8.213578370079808177e-01
1.308428482440805229e+00
7.408282401028221109e-01
-1.517917634671571425e-01
-6.358533884577136641e-01
1.083260374631610956e+00
1.455069747543141334e+00
9.536567842584413590e-01
1.928828108409476050e-01
-2.525688246897243583e-01
1.508563830372865011e+00
4.067963782470639944e-01
-5.980854005639069104e-01
-8.601307749057210961e-01
8.540864043411960926e-01
-1.252692383248925179e+00
-9.190160591041809934e-02
-5.131664294915938562e-01
5.238465407046363070e-02
-9.130145613739689692e-01
-2.647635188359486191e-01
-5.463218947160836114e-01
-8.728519717633393959e-01
1.312557092349436072e+00
-2.327128531239361642e-01
-1.026188819024926202e+00
-2.425914544338886591e-01
-5.284444554264403626e-01
8.494342718538512305e-01
-6.392657091660094437e-01
-8.666325780388778668e-03
-6.302955635408484802e-01
3.655280568473611574e-02
2.206520092559054458e+00
4.402685544825108988e-01
1.098444498652043633e+00
-5.850794177641361893e-01
-9.599097635476839807e-01
-7.218681201915382317e-01
9.958502839745687618e-01
1.781335657429093500e+00
1.657525806329070761e+00
1.285464133868712500e+00
1.401957923741116163e+00
-6.345091038880456003e-01
-6.512798550275537002e-01
-5.802404618646535006e-01
-7.026326702419266601e-01
9.344703501474541651e-01
7.808219084645423580e-01
-1.102477586357604594e-01
1.490025587686656605e+00
6.775633453696375819e-01
1.577725967829536557e+00
-1.331603001999091263e-01
1.014371497747276196e+00
3.034029596457271660e-01
-5.597259275743615703e-01
-4.387720476063625141e-01
-1.836539414187930097e+00
1.012663056627496339e+00
-5.998089788237066511e-01
-1.321464604281454180e+00
-6.465224518844038260e-01
5.863889149815798563e-01
-1.443267825903068458e+00
